1257308
1301301
1382721
1405975
1408081
1444282
1455095
1458262
1480644
1494278
1498575
1514967
1539556
1555208
1605140
1631929
1636724
1641394
1642148
1643751
1656099
1656250
1684886
1686632
1688610
1734333
1742547
1803986
1838560
1843002
1848999
1861370
1867829
1872170
1922762
1928533
1969700
1970888
1978965
1989778
1990706
1998094
1999880
1999997
2008727
2011192
2033317
2036111
2039882
2085980
2101244
2140005
2178632
2188695
2191612
2193813
2200210
2200223
2203325
2217489
2217548
2219598
2219873
2222200
2222220
2223891
2230754
2235581
2240359
2240690
2249479
2269324
2270689
2276187
2282103
2286852
2287046
2289865
2292041
2296290
2296826
2300234
2303900
2319491
2330899
2332686
2333305
2341836
2353589
2358097
2377425
2380176
2383530
2388242
2388483
2388587
2400007
2400737
2408419
2425634
2428711
2431817
2436688
2437892
2443841
2453269
2456432
2457590
2461862
2462533
2469354
2470789
2475246
2478552
2478895
2485510
2497505
2502552
2503187
2511489
2515814
2517797
2517820
2520319
2523226
2531382
2535651
2537549
2538700
2542518
2545655
2549669
2549968
2551072
25519
2553469
2555990
2561390
2563103
2564830
2570771
2573379
2573413
2577263
2578899
2590653
2596400
2597323
2603238
2623716
2638029
2638578
2640650
2646456
2648777
2653733
2659672
2660797
2661114
2661239
2661761
2663579
2669325
2669783
2671327
2676384
2680913
2684254
2684818
2686456
2689405
2689920
2692715
2694717
2697040
27001
2701137
2701770
2701851
2701891
2701901
2705047
2712785
2720477
2731110
2731999
2733253
2737140
2742444
2774327
2776576
2781788
2788939
27936
2801396
2807979
2808584
2811788
2813396
2815304
2819010
2827574
2831756
2832473
2838895
2844111
2848224
2849542
2850918
2853964
2870129
2870592
2871052
2871191
2871419
2871898
2881803
2883695
2883981
2886747
2890171
2900388
2902673
2902989
2903873
2906072
2906656
2906719
2907976
2913548
2913617
2916959
2919095
2921927
2922806
2923465
2927211
2927665
2932733
2934135
2936334
2938948
2941068
2941654
2941667
2942816
2944943
2945035
2947886
2952028
2952697
2953662
2960272
2965278
2969181
2971632
2973010
2973957
2977611
2978218
2983860
2989913
3001283
3001823
3002279
3006773
3009171
3012243
3012244
3016445
3016524
3017596
3017609
3018442
3018699
3024862
3035880
3039705
3039759
3041304
3052386
3052832
3053445
3059197
3059463
3061124
3063765
3066336
3067195
3074848
3079027
3080379
3080900
3081715
3085988
3086294
3088271
3089798
3090362
3091143
3097708
3098765
3099459
3102116
3113382
3114819
3124447
3127972
3137004
3140618
3142481
3148892
3149296
3156972
3165413
3168406
3185896
3188294
3188761
3188941
3189990
3190922
3192490
3192847
3194839
3197408
3199317
3201518
3205281
3209256
3209755
3211308
3215054
3218414
3219363
3236399
3236624
3236873
3238733
3239384
3239704
3241987
3244834
3245839
3247651
3247998
3248365
3256721
3258388
3258425
3258752
3265181
3267559
3268177
3271693
3274219
3275211
3280550
3280746
3289774
3291540
3291654
3294684
3298541
3302250
3305842
3308470
3310175
3317801
3318666
3326989
3333812
3334312
3339668
3341087
3344326
3344437
3344917
3345151
3346006
3348393
3351928
3354958
3358252
3367851
3372118
3372505
3375774
3376776
3380895
3382097
3384248
3393071
3396216
3398620
3398869
3399927
3405369
3406389
3407647
3409764
3410386
3411144
3412587
3413498
3413961
3416010
3418615
3418870
3420557
3421606
3424346
3425775
3428275
3429556
3429848
3432011
3432984
3434680
3435333
3437714
3437766
3438433
3441097
3441135
3441346
3444358
3445458
3452320
3452851
3454314
3456052
3459573
3460793
3462243
3463116
3463291
3465195
3467222
3469488
3470873
3472211
3475209
3478579
3482742
3483433
3486932
3487429
3489432
3489721
3490653
3492346
3493254
3493301
3495228
3496292
3497943
3500131
3507340
3508345
3508896
3509202
3513374
3513736
3514580
3517086
3519499
3521354
3521398
3523238
3524562
3530143
3532254
3535359
3539174
3539699
3543459
3543683
3544232
3544856
3545535
3547344
3548791
3549985
3553081
3554013
3554477
3556427
3558794
3560160
3561334
3563155
3566760
3567321
3567445
3568017
3568504
3568907
3570467
3570779
3572444
3572475
3573144
3573659
3574267
3576114
3577116
3577937
3578329
3580119
3582156
3584217
3588916
3590234
3590935
3591251
3602552
3602657
3603670
3603869
3604767
3605796
3608355
3608883
3609563
3611052
3613154
3629004
3631601
3632974
3632977
3634338
3634480
3635357
3635724
3637337
3640031
3641453
3642913
3645849
3653821
3654390
3657871
3658070
3658231
3659273
3670698
3673290
3686717
3702022
3712902
3770579
539404
