1010990
1040325
1058521
1088717
1143158
1177315
1223407
1262709
1271737
1326277
1405042
1551743
1577054
1577112
1580877
1616303
1618524
1640509
1648480
1654282
1660069
1662432
1679938
1686826
1744331
1755745
1768196
1791874
1839315
1867160
1891274
1914112
1942641
1978857
1983389
1998572
2005856
2007212
2012233
2025332
2074843
2126400
2139025
2184695
2187242
2200503
2211659
2227577
2231751
2233630
2243812
2258549
2265412
2270828
2283716
2297349
2309399
2310362
2314083
2324184
2329554
2333326
2338777
2339256
2342391
2362875
2366252
2370836
2385767
2391632
2392606
2394975
2397165
2405410
2407161
2407589
2411639
2417530
2422344
2424200
2430473
2434851
2442415
2443193
2445282
2447201
2452588
2457912
2457930
2461900
2463636
2464252
2468663
2481529
2498151
2503438
2505725
2511548
2521522
2530034
2544982
2548152
2557255
2562814
2565696
2569847
2571763
2574084
2577197
2578665
2580764
2586324
2593057
2593571
2599134
2608492
2615922
2616249
2616732
2626107
2628342
2628950
2628981
2630779
2631182
2636754
2644038
2647412
2651907
2653269
2658433
2664683
2667053
2667924
2672408
2681413
2681625
2682744
2688045
2692908
2700934
2700990
2701016
2709145
2712296
2712590
2714853
2716655
2721602
2726437
2731749
2735876
2737656
2739079
2740052
2743304
2755505
2757701
2758852
2761408
2763398
2766969
2771578
2780619
2786364
2803139
2807852
2839315
2842594
2844001
2844772
2861371
2865994
2871045
2875761
2878394
2885913
2891554
2896358
2902697
2914977
2919094
2923196
2924469
2932581
2933925
2934667
2937709
2938870
2944116
2945880
2948006
2948977
2960755
2962712
2962714
2969038
2971940
2979921
2980556
2980561
2980634
2984163
2984757
2984760
2985997
2986915
2988742
2996974
3003350
3007649
3009023
3011960
3013518
3015435
3018243
3018349
3018839
3019620
3033295
3041987
3058171
3066901
3069876
3072632
3073717
3082980
3092743
3094622
3095424
3104053
3105625
3106418
3106619
3110007
3111062
3115273
3115889
3118326
3119720
3122653
3129197
3136107
3136962
3137451
3137551
3139456
3140199
3147472
3151782
3152253
3152577
3165420
3166596
3169844
3191008
3192712
3195506
3196836
3196871
3196950
3200458
3204802
3209281
3210687
3211618
3218440
3220119
3220866
3225241
3230401
3233840
3235517
3238172
3240819
3241147
3243527
3249765
3254953
3256079
3256285
3257704
3258798
3260185
3261151
3271506
3273716
3273867
3274491
3274769
3276488
3279287
3279454
3280758
3281010
3286240
3288247
3288477
3290787
3293607
3295193
3298888
3299657
3301634
3303172
3303799
3304209
3305697
3308883
3313373
3317058
3321893
3324075
3324301
3324421
3324486
3326347
3328968
3329632
3331767
3331977
3339909
3342217
3343395
3346909
3348302
3348799
3354870
3355416
3357750
3358167
3358660
3358694
3358787
3362505
3363967
3365758
3367596
3368765
3369133
3369433
3369491
3371672
3374992
3381068
3381145
3382539
3383657
3383874
3389204
3389524
3389673
3393515
3393679
3394018
3396267
3398892
3403424
3404282
3404816
3417201
3417263
3418565
3420091
3420465
3421144
3429903
3431504
3433084
3433720
3436149
3438516
3439417
3439762
3442900
3446020
3446506
3447790
3447819
3448332
3450757
3453814
3453943
3454772
3456190
3457158
3458830
3459748
3468878
3471108
3472446
3472521
3474088
3480600
3481764
3485345
3486026
3486683
3492298
3492843
3494922
3497859
3498203
3498871
3499435
3500902
3501423
3504955
3505347
3505803
3515405
3516937
3517427
3519493
3523399
3524315
3525155
3527475
3529512
3535314
3535497
3539370
3540144
3543296
3546211
3548490
3548524
3553336
3553366
3554147
3556431
3557634
3557953
3558655
3559825
3560010
3561030
3562121
3562635
3564532
3565395
3566881
3568084
3568454
3568990
3570521
3570583
3570623
3570669
3571036
3571811
3571857
3572234
3573370
3573759
3574007
3574562
3575316
3577311
3579544
3579948
3581278
3582994
3584314
3587126
3592445
3592957
3595329
3599198
3600790
3603624
3604280
3605150
3607594
3607862
3608514
3611144
3614258
3619269
3624688
3626976
3629081
3632353
3633950
3634323
3634808
3638421
3639967
3640118
3644177
3644822
3645653
3648011
3652804
3653192
3658409
3663553
3665097
3666084
3671414
3684354
3690816
3694128
3694956
3697532
3698204
3699756
3705747
3711740
3713978
